Image Name: jag.jpg
369, 251
437, 260
292, 242
219, 239
252, 369
384, 376
314, 416
324, 354
293, 353
358, 360
354, 409
278, 404
170, 267
172, 299
172, 332
178, 359
193, 397
206, 422
228, 442
254, 461
282, 477
306, 481
335, 477
358, 468
375, 452
399, 432
423, 413
446, 388
458, 350
463, 322
464, 297
462, 275
460, 251
456, 225
447, 215
434, 208
418, 202
400, 201
386, 202
371, 207
307, 207
286, 194
268, 186
244, 184
217, 191
210, 195
180, 241
190, 218
338, 226
338, 245
338, 263
336, 279
332, 295
330, 308
330, 320
306, 319
285, 321
274, 304
357, 328
370, 326
374, 311
